------------------Iteracion 1--------------------
Matriz A12
[[ 0  0  0  1  0]
 [ 0  0  1 -1  0]
 [ 0  1 -1  0  0]
 [ 1 -1  0  0  0]
 [-1  0  0  0  1]
 [ 0  0  0  0  1]
 [ 0  0  1  0 -1]]

Matriz A21 Matriz traspuesta de A12
[[ 0  0  0  1 -1  0  0]
 [ 0  0  1 -1  0  0  0]
 [ 0  1 -1  0  0  0  1]
 [ 1 -1  0  0  0  0  0]
 [ 0  0  0  0  1  1 -1]]

Matriz topologica A10
[[-1]
 [ 0]
 [ 0]
 [ 0]
 [ 0]
 [-1]
 [ 0]]

Matriz diagonal A11
[[ 177.1819    0.        0.        0.        0.        0.        0.    ]
 [   0.      721.7267    0.        0.        0.        0.        0.    ]
 [   0.        0.     1292.1538    0.        0.        0.        0.    ]
 [   0.        0.        0.      396.8126    0.        0.        0.    ]
 [   0.        0.        0.        0.      223.6276    0.        0.    ]
 [   0.        0.        0.        0.        0.      158.9592    0.    ]
 [   0.        0.        0.        0.        0.        0.      389.214 ]]

Arreglo caudal de salida q
[[0.00259]
 [0.00213]
 [0.00113]
 [0.00234]
 [0.00113]]

Matriz diagonal del 2 y matriz identidad
[[2 0 0 0 0 0 0]
 [0 2 0 0 0 0 0]
 [0 0 2 0 0 0 0]
 [0 0 0 2 0 0 0]
 [0 0 0 0 2 0 0]
 [0 0 0 0 0 2 0]
 [0 0 0 0 0 0 2]]
[[1 0 0 0 0 0 0]
 [0 1 0 0 0 0 0]
 [0 0 1 0 0 0 0]
 [0 0 0 1 0 0 0]
 [0 0 0 0 1 0 0]
 [0 0 0 0 0 1 0]
 [0 0 0 0 0 0 1]]

([N][A11])^-1
[[0.0028 0.     0.     0.     0.     0.     0.    ]
 [0.     0.0007 0.     0.     0.     0.     0.    ]
 [0.     0.     0.0004 0.     0.     0.     0.    ]
 [0.     0.     0.     0.0013 0.     0.     0.    ]
 [0.     0.     0.     0.     0.0022 0.     0.    ]
 [0.     0.     0.     0.     0.     0.0031 0.    ]
 [0.     0.     0.     0.     0.     0.     0.0013]]

[A21]([N][A11])^-1
[[ 0.      0.      0.      0.0013 -0.0022  0.      0.    ]
 [ 0.      0.      0.0004 -0.0013  0.      0.      0.    ]
 [ 0.      0.0007 -0.0004  0.      0.      0.      0.0013]
 [ 0.0028 -0.0007  0.      0.      0.      0.      0.    ]
 [ 0.      0.      0.      0.      0.0022  0.0031 -0.0013]]

([A21]([N][A11])^-1)*([A12]
[[ 0.0035 -0.0013  0.      0.     -0.0022]
 [-0.0013  0.0016 -0.0004  0.      0.    ]
 [ 0.     -0.0004  0.0024 -0.0007 -0.0013]
 [ 0.      0.     -0.0007  0.0035  0.    ]
 [-0.0022  0.     -0.0013  0.      0.0067]]

-(([A21]([N][A11])^-1)*([A12])^-1
[[ -665.658   -569.4378  -256.113    -50.4819  -272.6285]
 [ -569.4378 -1123.5098  -343.4447   -67.6956  -257.1851]
 [ -256.113   -343.4447  -627.8258  -123.7494  -206.8964]
 [  -50.4819   -67.6956  -123.7494  -308.9079   -40.7809]
 [ -272.6285  -257.1851  -206.8964   -40.7809  -281.3318]]

[A11][Q]+[A10][H0]
[[-143.1441]
 [   0.9609]
 [   1.7204]
 [   0.5283]
 [   0.2977]
 [-143.1684]
 [   0.5182]]

[A21]([N][A11])^-1*([A11][Q]+[A10][H0])
[[ 0.    ]
 [ 0.    ]
 [ 0.0007]
 [-0.4046]
 [-0.4503]]

todas las H
[[140.0794]
 [139.0748]
 [141.308 ]
 [142.3058]
 [141.804 ]]


------------------Iteracion 2--------------------
Matriz A12
[[ 0  0  0  1  0]
 [ 0  0  1 -1  0]
 [ 0  1 -1  0  0]
 [ 1 -1  0  0  0]
 [-1  0  0  0  1]
 [ 0  0  0  0  1]
 [ 0  0  1  0 -1]]

Matriz A21 Matriz traspuesta de A12
[[ 0  0  0  1 -1  0  0]
 [ 0  0  1 -1  0  0  0]
 [ 0  1 -1  0  0  0  1]
 [ 1 -1  0  0  0  0  0]
 [ 0  0  0  0  1  1 -1]]

Matriz topologica A10
[[-1]
 [ 0]
 [ 0]
 [ 0]
 [ 0]
 [-1]
 [ 0]]

Matriz diagonal A11
[[ 386.4587    0.        0.        0.        0.        0.        0.    ]
 [   0.      732.1621    0.        0.        0.        0.        0.    ]
 [   0.        0.     1435.4081    0.        0.        0.        0.    ]
 [   0.        0.        0.      219.4694    0.        0.        0.    ]
 [   0.        0.        0.        0.      433.1199    0.        0.    ]
 [   0.        0.        0.        0.        0.      477.7336    0.    ]
 [   0.        0.        0.        0.        0.        0.      382.8946]]

Arreglo caudal de salida q
[[0.00259]
 [0.00213]
 [0.00113]
 [0.00234]
 [0.00113]]

Matriz diagonal del 2 y matriz identidad
[[2 0 0 0 0 0 0]
 [0 2 0 0 0 0 0]
 [0 0 2 0 0 0 0]
 [0 0 0 2 0 0 0]
 [0 0 0 0 2 0 0]
 [0 0 0 0 0 2 0]
 [0 0 0 0 0 0 2]]
[[1 0 0 0 0 0 0]
 [0 1 0 0 0 0 0]
 [0 0 1 0 0 0 0]
 [0 0 0 1 0 0 0]
 [0 0 0 0 1 0 0]
 [0 0 0 0 0 1 0]
 [0 0 0 0 0 0 1]]

([N][A11])^-1
[[0.0013 0.     0.     0.     0.     0.     0.    ]
 [0.     0.0007 0.     0.     0.     0.     0.    ]
 [0.     0.     0.0003 0.     0.     0.     0.    ]
 [0.     0.     0.     0.0023 0.     0.     0.    ]
 [0.     0.     0.     0.     0.0012 0.     0.    ]
 [0.     0.     0.     0.     0.     0.001  0.    ]
 [0.     0.     0.     0.     0.     0.     0.0013]]

[A21]([N][A11])^-1
[[ 0.      0.      0.      0.0023 -0.0012  0.      0.    ]
 [ 0.      0.      0.0003 -0.0023  0.      0.      0.    ]
 [ 0.      0.0007 -0.0003  0.      0.      0.      0.0013]
 [ 0.0013 -0.0007  0.      0.      0.      0.      0.    ]
 [ 0.      0.      0.      0.      0.0012  0.001  -0.0013]]

([A21]([N][A11])^-1)*([A12]
[[ 0.0034 -0.0023  0.      0.     -0.0012]
 [-0.0023  0.0026 -0.0003  0.      0.    ]
 [ 0.     -0.0003  0.0023 -0.0007 -0.0013]
 [ 0.      0.     -0.0007  0.002   0.    ]
 [-0.0012  0.     -0.0013  0.      0.0035]]

-(([A21]([N][A11])^-1)*([A12])^-1
[[-1360.6195 -1264.3754  -634.9046  -219.3455  -684.316 ]
 [-1264.3754 -1566.8777  -674.5351  -233.0369  -667.3909]
 [ -634.9046  -674.5351  -933.7332  -322.5841  -556.6942]
 [ -219.3455  -233.0369  -322.5841  -617.3372  -192.3255]
 [ -684.316   -667.3909  -556.6942  -192.3255  -717.7177]]

[A11][Q]+[A10][H0]
[[-1.419513e+02]
 [ 9.935000e-01]
 [ 2.196000e+00]
 [ 1.317000e-01]
 [ 1.381700e+00]
 [-1.406937e+02]
 [ 4.989000e-01]]

[A21]([N][A11])^-1*([A11][Q]+[A10][H0])
[[-0.0013]
 [ 0.0005]
 [ 0.0006]
 [-0.1843]
 [-0.1463]]

todas las H
[[137.1697]
 [136.9571]
 [140.3466]
 [141.7401]
 [140.9547]]


------------------Iteracion 3--------------------
Matriz A12
[[ 0  0  0  1  0]
 [ 0  0  1 -1  0]
 [ 0  1 -1  0  0]
 [ 1 -1  0  0  0]
 [-1  0  0  0  1]
 [ 0  0  0  0  1]
 [ 0  0  1  0 -1]]

Matriz A21 Matriz traspuesta de A12
[[ 0  0  0  1 -1  0  0]
 [ 0  0  1 -1  0  0  0]
 [ 0  1 -1  0  0  0  1]
 [ 1 -1  0  0  0  0  0]
 [ 0  0  0  0  1  1 -1]]

Matriz topologica A10
[[-1]
 [ 0]
 [ 0]
 [ 0]
 [ 0]
 [-1]
 [ 0]]

Matriz diagonal A11
[[ 408.4881    0.        0.        0.        0.        0.        0.    ]
 [   0.      841.3618    0.        0.        0.        0.        0.    ]
 [   0.        0.     1724.0045    0.        0.        0.        0.    ]
 [   0.        0.        0.       94.8895    0.        0.        0.    ]
 [   0.        0.        0.        0.      389.1621    0.        0.    ]
 [   0.        0.        0.        0.        0.      459.4981    0.    ]
 [   0.        0.        0.        0.        0.        0.      414.1647]]

Arreglo caudal de salida q
[[0.00259]
 [0.00213]
 [0.00113]
 [0.00234]
 [0.00113]]

Matriz diagonal del 2 y matriz identidad
[[2 0 0 0 0 0 0]
 [0 2 0 0 0 0 0]
 [0 0 2 0 0 0 0]
 [0 0 0 2 0 0 0]
 [0 0 0 0 2 0 0]
 [0 0 0 0 0 2 0]
 [0 0 0 0 0 0 2]]
[[1 0 0 0 0 0 0]
 [0 1 0 0 0 0 0]
 [0 0 1 0 0 0 0]
 [0 0 0 1 0 0 0]
 [0 0 0 0 1 0 0]
 [0 0 0 0 0 1 0]
 [0 0 0 0 0 0 1]]

([N][A11])^-1
[[0.0012 0.     0.     0.     0.     0.     0.    ]
 [0.     0.0006 0.     0.     0.     0.     0.    ]
 [0.     0.     0.0003 0.     0.     0.     0.    ]
 [0.     0.     0.     0.0053 0.     0.     0.    ]
 [0.     0.     0.     0.     0.0013 0.     0.    ]
 [0.     0.     0.     0.     0.     0.0011 0.    ]
 [0.     0.     0.     0.     0.     0.     0.0012]]

[A21]([N][A11])^-1
[[ 0.      0.      0.      0.0053 -0.0013  0.      0.    ]
 [ 0.      0.      0.0003 -0.0053  0.      0.      0.    ]
 [ 0.      0.0006 -0.0003  0.      0.      0.      0.0012]
 [ 0.0012 -0.0006  0.      0.      0.      0.      0.    ]
 [ 0.      0.      0.      0.      0.0013  0.0011 -0.0012]]

([A21]([N][A11])^-1)*([A12]
[[ 0.0066 -0.0053  0.      0.     -0.0013]
 [-0.0053  0.0056 -0.0003  0.      0.    ]
 [ 0.     -0.0003  0.0021 -0.0006 -0.0012]
 [ 0.      0.     -0.0006  0.0018  0.    ]
 [-0.0013  0.     -0.0012  0.      0.0036]]

-(([A21]([N][A11])^-1)*([A12])^-1
[[-1318.0676 -1282.3152  -632.7462  -206.8003  -686.3717]
 [-1282.3152 -1429.2561  -650.9492  -212.7496  -679.6794]
 [ -632.7462  -650.9492  -981.672   -320.8396  -558.0917]
 [ -206.8003  -212.7496  -320.8396  -654.8241  -182.401 ]
 [ -686.3717  -679.6794  -558.0917  -182.401   -713.8178]]

[A11][Q]+[A10][H0]
[[-1.417582e+02]
 [ 1.371500e+00]
 [ 3.354300e+00]
 [ 1.750000e-02]
 [ 1.079700e+00]
 [-1.409218e+02]
 [ 5.987000e-01]]

[A21]([N][A11])^-1*([A11][Q]+[A10][H0])
[[-0.0013]
 [ 0.0009]
 [ 0.0006]
 [-0.1743]
 [-0.1527]]

todas las H
[[137.5742]
 [137.4975]
 [140.4115]
 [141.7664]
 [140.9126]]


------------------Iteracion 4--------------------
Matriz A12
[[ 0  0  0  1  0]
 [ 0  0  1 -1  0]
 [ 0  1 -1  0  0]
 [ 1 -1  0  0  0]
 [-1  0  0  0  1]
 [ 0  0  0  0  1]
 [ 0  0  1  0 -1]]

Matriz A21 Matriz traspuesta de A12
[[ 0  0  0  1 -1  0  0]
 [ 0  0  1 -1  0  0  0]
 [ 0  1 -1  0  0  0  1]
 [ 1 -1  0  0  0  0  0]
 [ 0  0  0  0  1  1 -1]]

Matriz topologica A10
[[-1]
 [ 0]
 [ 0]
 [ 0]
 [ 0]
 [-1]
 [ 0]]

Matriz diagonal A11
[[ 407.6942    0.        0.        0.        0.        0.        0.    ]
 [   0.      837.4661    0.        0.        0.        0.        0.    ]
 [   0.        0.     1636.8429    0.        0.        0.        0.    ]
 [   0.        0.        0.      137.041     0.        0.        0.    ]
 [   0.        0.        0.        0.      402.7954    0.        0.    ]
 [   0.        0.        0.        0.        0.      460.1646    0.    ]
 [   0.        0.        0.        0.        0.        0.      388.3977]]

Arreglo caudal de salida q
[[0.00259]
 [0.00213]
 [0.00113]
 [0.00234]
 [0.00113]]

Matriz diagonal del 2 y matriz identidad
[[2 0 0 0 0 0 0]
 [0 2 0 0 0 0 0]
 [0 0 2 0 0 0 0]
 [0 0 0 2 0 0 0]
 [0 0 0 0 2 0 0]
 [0 0 0 0 0 2 0]
 [0 0 0 0 0 0 2]]
[[1 0 0 0 0 0 0]
 [0 1 0 0 0 0 0]
 [0 0 1 0 0 0 0]
 [0 0 0 1 0 0 0]
 [0 0 0 0 1 0 0]
 [0 0 0 0 0 1 0]
 [0 0 0 0 0 0 1]]

([N][A11])^-1
[[0.0012 0.     0.     0.     0.     0.     0.    ]
 [0.     0.0006 0.     0.     0.     0.     0.    ]
 [0.     0.     0.0003 0.     0.     0.     0.    ]
 [0.     0.     0.     0.0036 0.     0.     0.    ]
 [0.     0.     0.     0.     0.0012 0.     0.    ]
 [0.     0.     0.     0.     0.     0.0011 0.    ]
 [0.     0.     0.     0.     0.     0.     0.0013]]

[A21]([N][A11])^-1
[[ 0.      0.      0.      0.0036 -0.0012  0.      0.    ]
 [ 0.      0.      0.0003 -0.0036  0.      0.      0.    ]
 [ 0.      0.0006 -0.0003  0.      0.      0.      0.0013]
 [ 0.0012 -0.0006  0.      0.      0.      0.      0.    ]
 [ 0.      0.      0.      0.      0.0012  0.0011 -0.0013]]

([A21]([N][A11])^-1)*([A12]
[[ 0.0049 -0.0036  0.      0.     -0.0012]
 [-0.0036  0.004  -0.0003  0.      0.    ]
 [ 0.     -0.0003  0.0022 -0.0006 -0.0013]
 [ 0.      0.     -0.0006  0.0018  0.    ]
 [-0.0012  0.     -0.0013  0.      0.0036]]

-(([A21]([N][A11])^-1)*([A12])^-1
[[-1332.4751 -1278.8072  -637.7881  -208.8265  -684.6267]
 [-1278.8072 -1484.1551  -663.1824  -217.1412  -675.2419]
 [ -637.7881  -663.1824  -966.4966  -316.4533  -563.1483]
 [ -208.8265  -217.1412  -316.4533  -652.0256  -184.3877]
 [ -684.6267  -675.2419  -563.1483  -184.3877  -712.2107]]

[A11][Q]+[A10][H0]
[[-1.417654e+02]
 [ 1.356900e+00]
 [ 2.975700e+00]
 [ 4.280000e-02]
 [ 1.168900e+00]
 [-1.409136e+02]
 [ 5.157000e-01]]

[A21]([N][A11])^-1*([A11][Q]+[A10][H0])
[[-0.0013]
 [ 0.0008]
 [ 0.0006]
 [-0.1747]
 [-0.1523]]

todas las H
[[137.4377]
 [137.3174]
 [140.3887]
 [141.759 ]
 [140.9209]]


------------------Iteracion 5--------------------
Matriz A12
[[ 0  0  0  1  0]
 [ 0  0  1 -1  0]
 [ 0  1 -1  0  0]
 [ 1 -1  0  0  0]
 [-1  0  0  0  1]
 [ 0  0  0  0  1]
 [ 0  0  1  0 -1]]

Matriz A21 Matriz traspuesta de A12
[[ 0  0  0  1 -1  0  0]
 [ 0  0  1 -1  0  0  0]
 [ 0  1 -1  0  0  0  1]
 [ 1 -1  0  0  0  0  0]
 [ 0  0  0  0  1  1 -1]]

Matriz topologica A10
[[-1]
 [ 0]
 [ 0]
 [ 0]
 [ 0]
 [-1]
 [ 0]]

Matriz diagonal A11
[[ 408.3319    0.        0.        0.        0.        0.        0.    ]
 [   0.      840.5919    0.        0.        0.        0.        0.    ]
 [   0.        0.     1656.8927    0.        0.        0.        0.    ]
 [   0.        0.        0.      127.844     0.        0.        0.    ]
 [   0.        0.        0.        0.      399.6853    0.        0.    ]
 [   0.        0.        0.        0.        0.      459.6308    0.    ]
 [   0.        0.        0.        0.        0.        0.      393.0839]]

Arreglo caudal de salida q
[[0.00259]
 [0.00213]
 [0.00113]
 [0.00234]
 [0.00113]]

Matriz diagonal del 2 y matriz identidad
[[2 0 0 0 0 0 0]
 [0 2 0 0 0 0 0]
 [0 0 2 0 0 0 0]
 [0 0 0 2 0 0 0]
 [0 0 0 0 2 0 0]
 [0 0 0 0 0 2 0]
 [0 0 0 0 0 0 2]]
[[1 0 0 0 0 0 0]
 [0 1 0 0 0 0 0]
 [0 0 1 0 0 0 0]
 [0 0 0 1 0 0 0]
 [0 0 0 0 1 0 0]
 [0 0 0 0 0 1 0]
 [0 0 0 0 0 0 1]]

([N][A11])^-1
[[0.0012 0.     0.     0.     0.     0.     0.    ]
 [0.     0.0006 0.     0.     0.     0.     0.    ]
 [0.     0.     0.0003 0.     0.     0.     0.    ]
 [0.     0.     0.     0.0039 0.     0.     0.    ]
 [0.     0.     0.     0.     0.0013 0.     0.    ]
 [0.     0.     0.     0.     0.     0.0011 0.    ]
 [0.     0.     0.     0.     0.     0.     0.0013]]

[A21]([N][A11])^-1
[[ 0.      0.      0.      0.0039 -0.0013  0.      0.    ]
 [ 0.      0.      0.0003 -0.0039  0.      0.      0.    ]
 [ 0.      0.0006 -0.0003  0.      0.      0.      0.0013]
 [ 0.0012 -0.0006  0.      0.      0.      0.      0.    ]
 [ 0.      0.      0.      0.      0.0013  0.0011 -0.0013]]

([A21]([N][A11])^-1)*([A12]
[[ 0.0052 -0.0039  0.      0.     -0.0013]
 [-0.0039  0.0042 -0.0003  0.      0.    ]
 [ 0.     -0.0003  0.0022 -0.0006 -0.0013]
 [ 0.      0.     -0.0006  0.0018  0.    ]
 [-0.0013  0.     -0.0013  0.      0.0036]]

-(([A21]([N][A11])^-1)*([A12])^-1
[[-1329.2016 -1279.6104  -636.8946  -208.2308  -684.8706]
 [-1279.6104 -1472.6527  -660.7475  -216.0294  -676.0922]
 [ -636.8946  -660.7475  -969.888   -317.102   -562.3219]
 [ -208.2308  -216.0294  -317.102   -653.3335  -183.8495]
 [ -684.8706  -676.0922  -562.3219  -183.8495  -712.315 ]]

[A11][Q]+[A10][H0]
[[-1.417597e+02]
 [ 1.368600e+00]
 [ 3.060600e+00]
 [ 3.620000e-02]
 [ 1.148200e+00]
 [-1.409201e+02]
 [ 5.303000e-01]]

[A21]([N][A11])^-1*([A11][Q]+[A10][H0])
[[-0.0013]
 [ 0.0008]
 [ 0.0006]
 [-0.1744]
 [-0.1525]]

todas las H
[[137.4684]
 [137.3581]
 [140.3938]
 [141.7606]
 [140.9191]]


------------------Iteracion 6--------------------
Matriz A12
[[ 0  0  0  1  0]
 [ 0  0  1 -1  0]
 [ 0  1 -1  0  0]
 [ 1 -1  0  0  0]
 [-1  0  0  0  1]
 [ 0  0  0  0  1]
 [ 0  0  1  0 -1]]

Matriz A21 Matriz traspuesta de A12
[[ 0  0  0  1 -1  0  0]
 [ 0  0  1 -1  0  0  0]
 [ 0  1 -1  0  0  0  1]
 [ 1 -1  0  0  0  0  0]
 [ 0  0  0  0  1  1 -1]]

Matriz topologica A10
[[-1]
 [ 0]
 [ 0]
 [ 0]
 [ 0]
 [-1]
 [ 0]]

Matriz diagonal A11
[[ 408.2412    0.        0.        0.        0.        0.        0.    ]
 [   0.      840.1518    0.        0.        0.        0.        0.    ]
 [   0.        0.     1651.7681    0.        0.        0.        0.    ]
 [   0.        0.        0.      130.2188    0.        0.        0.    ]
 [   0.        0.        0.        0.      400.482     0.        0.    ]
 [   0.        0.        0.        0.        0.      459.7063    0.    ]
 [   0.        0.        0.        0.        0.        0.      391.6845]]

Arreglo caudal de salida q
[[0.00259]
 [0.00213]
 [0.00113]
 [0.00234]
 [0.00113]]

Matriz diagonal del 2 y matriz identidad
[[2 0 0 0 0 0 0]
 [0 2 0 0 0 0 0]
 [0 0 2 0 0 0 0]
 [0 0 0 2 0 0 0]
 [0 0 0 0 2 0 0]
 [0 0 0 0 0 2 0]
 [0 0 0 0 0 0 2]]
[[1 0 0 0 0 0 0]
 [0 1 0 0 0 0 0]
 [0 0 1 0 0 0 0]
 [0 0 0 1 0 0 0]
 [0 0 0 0 1 0 0]
 [0 0 0 0 0 1 0]
 [0 0 0 0 0 0 1]]

([N][A11])^-1
[[0.0012 0.     0.     0.     0.     0.     0.    ]
 [0.     0.0006 0.     0.     0.     0.     0.    ]
 [0.     0.     0.0003 0.     0.     0.     0.    ]
 [0.     0.     0.     0.0038 0.     0.     0.    ]
 [0.     0.     0.     0.     0.0012 0.     0.    ]
 [0.     0.     0.     0.     0.     0.0011 0.    ]
 [0.     0.     0.     0.     0.     0.     0.0013]]

[A21]([N][A11])^-1
[[ 0.      0.      0.      0.0038 -0.0012  0.      0.    ]
 [ 0.      0.      0.0003 -0.0038  0.      0.      0.    ]
 [ 0.      0.0006 -0.0003  0.      0.      0.      0.0013]
 [ 0.0012 -0.0006  0.      0.      0.      0.      0.    ]
 [ 0.      0.      0.      0.      0.0012  0.0011 -0.0013]]

([A21]([N][A11])^-1)*([A12]
[[ 0.0051 -0.0038  0.      0.     -0.0012]
 [-0.0038  0.0041 -0.0003  0.      0.    ]
 [ 0.     -0.0003  0.0022 -0.0006 -0.0013]
 [ 0.      0.     -0.0006  0.0018  0.    ]
 [-0.0012  0.     -0.0013  0.      0.0036]]

-(([A21]([N][A11])^-1)*([A12])^-1
[[-1330.0334 -1279.402   -637.1659  -208.3618  -684.7836]
 [-1279.402  -1475.6487  -661.4146  -216.2914  -675.8544]
 [ -637.1659  -661.4146  -968.9979  -316.8753  -562.5903]
 [ -208.3618  -216.2914  -316.8753  -653.1042  -183.9746]
 [ -684.7836  -675.8544  -562.5903  -183.9746  -712.2453]]

[A11][Q]+[A10][H0]
[[-1.417605e+02]
 [ 1.367000e+00]
 [ 3.038700e+00]
 [ 3.780000e-02]
 [ 1.153500e+00]
 [-1.409192e+02]
 [ 5.259000e-01]]

[A21]([N][A11])^-1*([A11][Q]+[A10][H0])
[[-0.0013]
 [ 0.0008]
 [ 0.0006]
 [-0.1744]
 [-0.1525]]

todas las H
[[137.4605]
 [137.3476]
 [140.3925]
 [141.7602]
 [140.9196]]


------------------Iteracion 7--------------------
Matriz A12
[[ 0  0  0  1  0]
 [ 0  0  1 -1  0]
 [ 0  1 -1  0  0]
 [ 1 -1  0  0  0]
 [-1  0  0  0  1]
 [ 0  0  0  0  1]
 [ 0  0  1  0 -1]]

Matriz A21 Matriz traspuesta de A12
[[ 0  0  0  1 -1  0  0]
 [ 0  0  1 -1  0  0  0]
 [ 0  1 -1  0  0  0  1]
 [ 1 -1  0  0  0  0  0]
 [ 0  0  0  0  1  1 -1]]

Matriz topologica A10
[[-1]
 [ 0]
 [ 0]
 [ 0]
 [ 0]
 [-1]
 [ 0]]

Matriz diagonal A11
[[ 408.2739    0.        0.        0.        0.        0.        0.    ]
 [   0.      840.3018    0.        0.        0.        0.        0.    ]
 [   0.        0.     1653.0434    0.        0.        0.        0.    ]
 [   0.        0.        0.      129.6306    0.        0.        0.    ]
 [   0.        0.        0.        0.      400.2811    0.        0.    ]
 [   0.        0.        0.        0.        0.      459.6803    0.    ]
 [   0.        0.        0.        0.        0.        0.      392.01  ]]

Arreglo caudal de salida q
[[0.00259]
 [0.00213]
 [0.00113]
 [0.00234]
 [0.00113]]

Matriz diagonal del 2 y matriz identidad
[[2 0 0 0 0 0 0]
 [0 2 0 0 0 0 0]
 [0 0 2 0 0 0 0]
 [0 0 0 2 0 0 0]
 [0 0 0 0 2 0 0]
 [0 0 0 0 0 2 0]
 [0 0 0 0 0 0 2]]
[[1 0 0 0 0 0 0]
 [0 1 0 0 0 0 0]
 [0 0 1 0 0 0 0]
 [0 0 0 1 0 0 0]
 [0 0 0 0 1 0 0]
 [0 0 0 0 0 1 0]
 [0 0 0 0 0 0 1]]

([N][A11])^-1
[[0.0012 0.     0.     0.     0.     0.     0.    ]
 [0.     0.0006 0.     0.     0.     0.     0.    ]
 [0.     0.     0.0003 0.     0.     0.     0.    ]
 [0.     0.     0.     0.0039 0.     0.     0.    ]
 [0.     0.     0.     0.     0.0012 0.     0.    ]
 [0.     0.     0.     0.     0.     0.0011 0.    ]
 [0.     0.     0.     0.     0.     0.     0.0013]]

[A21]([N][A11])^-1
[[ 0.      0.      0.      0.0039 -0.0012  0.      0.    ]
 [ 0.      0.      0.0003 -0.0039  0.      0.      0.    ]
 [ 0.      0.0006 -0.0003  0.      0.      0.      0.0013]
 [ 0.0012 -0.0006  0.      0.      0.      0.      0.    ]
 [ 0.      0.      0.      0.      0.0012  0.0011 -0.0013]]

([A21]([N][A11])^-1)*([A12]
[[ 0.0051 -0.0039  0.      0.     -0.0012]
 [-0.0039  0.0042 -0.0003  0.      0.    ]
 [ 0.     -0.0003  0.0022 -0.0006 -0.0013]
 [ 0.      0.     -0.0006  0.0018  0.    ]
 [-0.0012  0.     -0.0013  0.      0.0036]]

-(([A21]([N][A11])^-1)*([A12])^-1
[[-1329.8216 -1279.4493  -637.1028  -208.3273  -684.8024]
 [-1279.4493 -1474.9044  -661.2531  -216.2243  -675.9111]
 [ -637.1028  -661.2531  -969.2171  -316.9259  -562.53  ]
 [ -208.3273  -216.2243  -316.9259  -653.1756  -183.9426]
 [ -684.8024  -675.9111  -562.53    -183.9426  -712.2574]]

[A11][Q]+[A10][H0]
[[-1.417602e+02]
 [ 1.367500e+00]
 [ 3.044200e+00]
 [ 3.740000e-02]
 [ 1.152200e+00]
 [-1.409195e+02]
 [ 5.269000e-01]]

[A21]([N][A11])^-1*([A11][Q]+[A10][H0])
[[-0.0013]
 [ 0.0008]
 [ 0.0006]
 [-0.1744]
 [-0.1525]]

todas las H
[[137.4625]
 [137.3502]
 [140.3929]
 [141.7603]
 [140.9195]]


------------------Iteracion 8--------------------
Matriz A12
[[ 0  0  0  1  0]
 [ 0  0  1 -1  0]
 [ 0  1 -1  0  0]
 [ 1 -1  0  0  0]
 [-1  0  0  0  1]
 [ 0  0  0  0  1]
 [ 0  0  1  0 -1]]

Matriz A21 Matriz traspuesta de A12
[[ 0  0  0  1 -1  0  0]
 [ 0  0  1 -1  0  0  0]
 [ 0  1 -1  0  0  0  1]
 [ 1 -1  0  0  0  0  0]
 [ 0  0  0  0  1  1 -1]]

Matriz topologica A10
[[-1]
 [ 0]
 [ 0]
 [ 0]
 [ 0]
 [-1]
 [ 0]]

Matriz diagonal A11
[[ 408.2671    0.        0.        0.        0.        0.        0.    ]
 [   0.      840.267     0.        0.        0.        0.        0.    ]
 [   0.        0.     1652.726     0.        0.        0.        0.    ]
 [   0.        0.        0.      129.7766    0.        0.        0.    ]
 [   0.        0.        0.        0.      400.3333    0.        0.    ]
 [   0.        0.        0.        0.        0.      459.6856    0.    ]
 [   0.        0.        0.        0.        0.        0.      391.9226]]

Arreglo caudal de salida q
[[0.00259]
 [0.00213]
 [0.00113]
 [0.00234]
 [0.00113]]

Matriz diagonal del 2 y matriz identidad
[[2 0 0 0 0 0 0]
 [0 2 0 0 0 0 0]
 [0 0 2 0 0 0 0]
 [0 0 0 2 0 0 0]
 [0 0 0 0 2 0 0]
 [0 0 0 0 0 2 0]
 [0 0 0 0 0 0 2]]
[[1 0 0 0 0 0 0]
 [0 1 0 0 0 0 0]
 [0 0 1 0 0 0 0]
 [0 0 0 1 0 0 0]
 [0 0 0 0 1 0 0]
 [0 0 0 0 0 1 0]
 [0 0 0 0 0 0 1]]

([N][A11])^-1
[[0.0012 0.     0.     0.     0.     0.     0.    ]
 [0.     0.0006 0.     0.     0.     0.     0.    ]
 [0.     0.     0.0003 0.     0.     0.     0.    ]
 [0.     0.     0.     0.0039 0.     0.     0.    ]
 [0.     0.     0.     0.     0.0012 0.     0.    ]
 [0.     0.     0.     0.     0.     0.0011 0.    ]
 [0.     0.     0.     0.     0.     0.     0.0013]]

[A21]([N][A11])^-1
[[ 0.      0.      0.      0.0039 -0.0012  0.      0.    ]
 [ 0.      0.      0.0003 -0.0039  0.      0.      0.    ]
 [ 0.      0.0006 -0.0003  0.      0.      0.      0.0013]
 [ 0.0012 -0.0006  0.      0.      0.      0.      0.    ]
 [ 0.      0.      0.      0.      0.0012  0.0011 -0.0013]]

([A21]([N][A11])^-1)*([A12]
[[ 0.0051 -0.0039  0.      0.     -0.0012]
 [-0.0039  0.0042 -0.0003  0.      0.    ]
 [ 0.     -0.0003  0.0022 -0.0006 -0.0013]
 [ 0.      0.     -0.0006  0.0018  0.    ]
 [-0.0012  0.     -0.0013  0.      0.0036]]

-(([A21]([N][A11])^-1)*([A12])^-1
[[-1329.8764 -1279.4396  -637.119   -208.3361  -684.7966]
 [-1279.4396 -1475.0911  -661.2935  -216.2411  -675.896 ]
 [ -637.119   -661.2935  -969.1595  -316.9124  -562.5458]
 [ -208.3361  -216.2411  -316.9124  -653.1593  -183.9509]
 [ -684.7966  -675.896   -562.5458  -183.9509  -712.2529]]

[A11][Q]+[A10][H0]
[[-1.417603e+02]
 [ 1.367400e+00]
 [ 3.042800e+00]
 [ 3.750000e-02]
 [ 1.152500e+00]
 [-1.409195e+02]
 [ 5.266000e-01]]

[A21]([N][A11])^-1*([A11][Q]+[A10][H0])
[[-0.0013]
 [ 0.0008]
 [ 0.0006]
 [-0.1744]
 [-0.1525]]

todas las H
[[137.462 ]
 [137.3496]
 [140.3928]
 [141.7602]
 [140.9195]]