inv(N*A11)
[[0.00741757 0.         0.         0.         0.         0. 	  	0.        ]
 [0.         0.00056249 0.         0.         0.         0.		  	0.        ]
 [0.         0.         0.00016993 0.         0.         0.		  	0.        ]
 [0.         0.         0.         0.000689   0.         0.		  	0.        ]
 [0.         0.         0.         0.         0.00016993 0.		  	0.        ]
 [0.         0.         0.         0.         0.         0.00199778 0.        ]
 [0.         0.         0.         0.         0.         0.			0.01236262]]

inv(N*A11)*A11
[[0.5 0.  0.  0.  0.  0.  0. ]
 [0.  0.5 0.  0.  0.  0.  0. ]
 [0.  0.  0.5 0.  0.  0.  0. ]
 [0.  0.  0.  0.5 0.  0.  0. ]
 [0.  0.  0.  0.  0.5 0.  0. ]
 [0.  0.  0.  0.  0.  0.5 0. ]
 [0.  0.  0.  0.  0.  0.  0.5]]

I - inv(N*A11)*A11
[[0.5 0.  0.  0.  0.  0.  0. ]
 [0.  0.5 0.  0.  0.  0.  0. ]
 [0.  0.  0.5 0.  0.  0.  0. ]
 [0.  0.  0.  0.5 0.  0.  0. ]
 [0.  0.  0.  0.  0.5 0.  0. ]
 [0.  0.  0.  0.  0.  0.5 0. ]
 [0.  0.  0.  0.  0.  0.  0.5]]

(I - inv(N*A11)*A11) * Q
[[0.05]
 [0.05]
 [0.05]
 [0.05]
 [0.05]
 [0.05]
 [0.05]]

A10 * H0
[[-100.]
 [   0.]
 [   0.]
 [   0.]
 [   0.]
 [   0.]
 [-100.]]
